[ProjectInfo]
Description=
Creator=User
CreateDate=20241010
ModifyDate=20241010

[Driver]
Brand=Dayton Audio Reference 15in Subwoofer
Model=RSS390HF-4
Manufacturer=Dayton Audio
ProvidedBy=Matt
Comment=
DateAdded=20090102
DateModified=20090102
Qts=0.42099137070361
Znom=4
Fs=17.8918412947888
Pe=500
SPL=87.1037115910525
Re=3.3
Le=0.001
fLe=0
KLe=0
BL=14.67
Xmax=0.014
Cms=0.00028
Qms=3.1
Qes=0.487147833310247
Rms=10.2481475409659
Mms=0.2826
Sd=0.08296
Vas=0.273363273335039
Dia=0
Vd=0.00116144
no=0.00312554558877646
Dd=0.325004542477838
EBP=36.7277447858301
numVC=1
Hc=0
Hg=0
SPLmax=111.093411634413
SPLmaxLF=101.864347181025
USPL=90.9543009027594
alfaVC=0.0039
Rt=0
Ct=0
gamma=51.9108280254777
Rme=65.2148181818182
Mpow=8.07556921720185
Mcost=0
Gloss=0.0554271858
VCCon=1
c=343.684120962152
roo=1.20095217714682
Thick=0
Depth=0
MagDepth=0
Magnet=0
Basket=0
Outer=0
Vcd=0
DVol=0
ParState=CCECEENNEENEECCCEECCNCCENNCCCNNNCCCCNCNNNNNNNNNCC

[Box]
BType=0
Vf=0
Ff=0
Qlf=10
Qaf=100
Qpf=100
Vr=0.160542873266283
Fr=30.6989592483433
Qlr=10
Qar=100
Qpr=100
Vc=0
Fc=0
Qlc=0
Qac=0
Qpc=0
Qiclfr=100
Qiclfc=0
Qiclcr=0
T=293.15
p=101325
phi=0.3
d=1
Med=0
Nd=1
Angle=0
Isobarik=0
alfaVC=0.0039
dTVC=0
Sdfport=0
Sdrport=0

[VentFront]
Num=1
Shape=1
Fb=0
Vb=0
dia1=0.102
dia2=0.102
carea=0
len=0
endcorrection=0.732
crosscalc=1

[VentRear]
Num=1
Shape=1
Fb=0
Vb=0
dia1=0.102
dia2=0.102
carea=0
len=0
endcorrection=0.732
crosscalc=1

[VentIntra]
Num=1
Shape=1
Fb=0
Vb=0
dia1=0.102
dia2=0.102
carea=0
len=0
endcorrection=0.732
crosscalc=1

[PlotSettings]
Color=16719647
Width=1

[SignalSource]
Rg=0.1
P=1

[Filters]
Count=0

[SimulatorOptions]
VCInd=0
FlatResponse=0
TLPorts=0
